time	V(n001)	V(n002)
0.000000000000000e+000	0.000000e+000	1.216658e-001
1.149553571428571e-006	1.149554e-001	2.240307e-001
2.299107142857143e-006	2.299107e-001	3.252334e-001
3.448660714285714e-006	3.448661e-001	4.252740e-001
4.598214285714285e-006	4.598214e-001	5.241524e-001
5.747767857142857e-006	5.747768e-001	6.218687e-001
6.897321428571428e-006	6.897321e-001	7.184228e-001
8.046874999999997e-006	8.046875e-001	8.138148e-001
9.999999999999999e-006	1.000000e+000	9.649842e-001
1.019531250000001e-005	1.000000e+000	9.702058e-001
1.292968750000000e-005	1.000000e+000	9.191387e-001
1.488281250000000e-005	1.000000e+000	8.837939e-001
1.683593750000001e-005	1.000000e+000	8.495235e-001
1.878906250000001e-005	1.000000e+000	8.164833e-001
2.074218750000001e-005	1.000000e+000	7.847741e-001
2.269531250000001e-005	1.000000e+000	7.544901e-001
2.464843750000001e-005	1.000000e+000	7.257178e-001
2.660156250000001e-005	1.000000e+000	6.985368e-001
2.855468750000002e-005	1.000000e+000	6.730188e-001
3.050781250000002e-005	1.000000e+000	6.492281e-001
3.246093750000002e-005	1.000000e+000	6.272209e-001
3.441406250000002e-005	1.000000e+000	6.070461e-001
3.636718750000002e-005	1.000000e+000	5.887441e-001
3.832031250000002e-005	1.000000e+000	5.723481e-001
4.027343750000003e-005	1.000000e+000	5.578828e-001
4.222656250000003e-005	1.000000e+000	5.453658e-001
4.417968750000003e-005	1.000000e+000	5.348066e-001
4.613281250000003e-005	1.000000e+000	5.262072e-001
5.003906250000004e-005	1.000000e+000	5.148588e-001
5.199218750000004e-005	1.000000e+000	5.120773e-001
5.394531250000004e-005	1.000000e+000	5.111912e-001
5.589843750000004e-005	1.000000e+000	5.121671e-001
5.785156250000004e-005	1.000000e+000	5.149653e-001
5.980468750000004e-005	1.000000e+000	5.195401e-001
6.175781250000005e-005	1.000000e+000	5.258399e-001
6.371093750000005e-005	1.000000e+000	5.338074e-001
6.566406250000005e-005	1.000000e+000	5.433806e-001
6.761718750000005e-005	1.000000e+000	5.544921e-001
6.957031250000005e-005	1.000000e+000	5.670704e-001
7.152343750000005e-005	1.000000e+000	5.810397e-001
7.347656250000006e-005	1.000000e+000	5.963202e-001
7.542968750000006e-005	1.000000e+000	6.128290e-001
7.933593750000006e-005	1.000000e+000	6.491846e-001
8.324218750000006e-005	1.000000e+000	6.893889e-001
8.714843750000007e-005	1.000000e+000	7.326939e-001
9.105468750000007e-005	1.000000e+000	7.783341e-001
9.496093750000008e-005	1.000000e+000	8.255385e-001
9.886718750000008e-005	1.000000e+000	8.735420e-001
1.027734375000001e-004	1.000000e+000	9.215970e-001
1.066796875000001e-004	1.000000e+000	9.690115e-001
1.100000000000000e-004	1.000000e+000	1.008348e+000
1.114285714285714e-004	8.571429e-001	8.834958e-001
1.128571428571429e-004	7.142857e-001	7.600948e-001
1.142857142857143e-004	5.714286e-001	6.381447e-001
1.157142857142857e-004	4.285714e-001	5.176454e-001
1.171428571428572e-004	2.857143e-001	3.985969e-001
1.185714285714286e-004	1.428571e-001	2.809992e-001
1.200000000000000e-004	0.000000e+000	1.648523e-001
1.223716517857143e-004	0.000000e+000	2.097228e-001
1.247433035714286e-004	0.000000e+000	2.520134e-001
1.271149553571429e-004	0.000000e+000	2.917241e-001
1.294866071428572e-004	0.000000e+000	3.288550e-001
1.318582589285714e-004	0.000000e+000	3.634059e-001
1.342299107142857e-004	0.000000e+000	3.953770e-001
1.366015625000000e-004	0.000000e+000	4.247682e-001
1.405078125000000e-004	0.000000e+000	4.658608e-001
1.444140625000000e-004	0.000000e+000	4.984222e-001
1.483203125000000e-004	0.000000e+000	5.222924e-001
1.522265625000000e-004	0.000000e+000	5.374476e-001
1.541796875000000e-004	0.000000e+000	5.417856e-001
1.561328125000000e-004	0.000000e+000	5.439950e-001
1.580859375000000e-004	0.000000e+000	5.441085e-001
1.600390625000000e-004	0.000000e+000	5.421661e-001
1.619921875000000e-004	0.000000e+000	5.382150e-001
1.639453125000000e-004	0.000000e+000	5.323091e-001
1.658984375000000e-004	0.000000e+000	5.245081e-001
1.678515625000000e-004	0.000000e+000	5.148782e-001
1.698046875000000e-004	0.000000e+000	5.034912e-001
1.717578125000000e-004	0.000000e+000	4.904239e-001
1.737109375000000e-004	0.000000e+000	4.757582e-001
1.756640625000000e-004	0.000000e+000	4.595802e-001
1.776171875000000e-004	0.000000e+000	4.419803e-001
1.795703125000000e-004	0.000000e+000	4.230523e-001
1.815234375000000e-004	0.000000e+000	4.028935e-001
1.834765625000000e-004	0.000000e+000	3.816035e-001
1.854296875000000e-004	0.000000e+000	3.592847e-001
1.873828125000000e-004	0.000000e+000	3.360412e-001
1.893359375000000e-004	0.000000e+000	3.119785e-001
1.932421875000000e-004	0.000000e+000	2.618229e-001
1.971484375000000e-004	0.000000e+000	2.097113e-001
2.000000000000000e-004	0.000000e+000	1.708654e-001
2.014285714285715e-004	1.428571e-001	2.925288e-001
2.028571428571429e-004	2.857143e-001	4.124785e-001
2.042857142857143e-004	4.285714e-001	5.307144e-001
2.057142857142857e-004	5.714286e-001	6.472365e-001
2.071428571428572e-004	7.142857e-001	7.620449e-001
2.085714285714286e-004	8.571429e-001	8.751395e-001
2.100000000000000e-004	1.000000e+000	9.865202e-001
2.126506696428572e-004	1.000000e+000	9.266224e-001
2.153013392857143e-004	1.000000e+000	8.695295e-001
2.179520089285715e-004	1.000000e+000	8.152413e-001
2.206026785714286e-004	1.000000e+000	7.637579e-001
2.232533482142858e-004	1.000000e+000	7.150793e-001
2.259040178571429e-004	1.000000e+000	6.692055e-001
2.285546875000001e-004	1.000000e+000	6.261365e-001
2.305078125000001e-004	1.000000e+000	5.972947e-001
2.324609375000001e-004	1.000000e+000	5.705301e-001
2.344140625000001e-004	1.000000e+000	5.459035e-001
2.363671875000001e-004	1.000000e+000	5.234668e-001
2.383203125000001e-004	1.000000e+000	5.032622e-001
2.402734375000001e-004	1.000000e+000	4.853227e-001
2.422265625000001e-004	1.000000e+000	4.696725e-001
2.441796875000000e-004	1.000000e+000	4.563264e-001
2.461328125000000e-004	1.000000e+000	4.452900e-001
2.480859375000000e-004	1.000000e+000	4.365606e-001
2.500390625000000e-004	1.000000e+000	4.301263e-001
2.519921875000001e-004	1.000000e+000	4.259673e-001
2.539453125000001e-004	1.000000e+000	4.240552e-001
2.558984375000001e-004	1.000000e+000	4.243537e-001
2.578515625000001e-004	1.000000e+000	4.268191e-001
2.598046875000001e-004	1.000000e+000	4.314002e-001
2.617578125000001e-004	1.000000e+000	4.380389e-001
2.637109375000001e-004	1.000000e+000	4.466702e-001
2.656640625000001e-004	1.000000e+000	4.572231e-001
2.676171875000001e-004	1.000000e+000	4.696206e-001
2.695703125000001e-004	1.000000e+000	4.837804e-001
2.715234375000001e-004	1.000000e+000	4.996148e-001
2.734765625000001e-004	1.000000e+000	5.170319e-001
2.754296875000001e-004	1.000000e+000	5.359352e-001
2.793359375000001e-004	1.000000e+000	5.777971e-001
2.832421875000001e-004	1.000000e+000	6.243631e-001
2.871484375000001e-004	1.000000e+000	6.747577e-001
2.910546875000001e-004	1.000000e+000	7.280814e-001
2.949609375000001e-004	1.000000e+000	7.834258e-001
2.988671875000001e-004	1.000000e+000	8.398869e-001
3.027734375000001e-004	1.000000e+000	8.965785e-001
3.066796875000001e-004	1.000000e+000	9.526746e-001
3.100000000000001e-004	1.000000e+000	9.993348e-001
3.114285714285715e-004	8.571429e-001	8.775980e-001
3.128571428571429e-004	7.142857e-001	7.572691e-001
3.142857142857144e-004	5.714286e-001	6.383479e-001
3.157142857142858e-004	4.285714e-001	5.208347e-001
3.171428571428572e-004	2.857143e-001	4.047292e-001
3.185714285714286e-004	1.428571e-001	2.900316e-001
3.200000000000001e-004	0.000000e+000	1.767418e-001
3.223716517857144e-004	0.000000e+000	2.261988e-001
3.247433035714286e-004	0.000000e+000	2.728371e-001
3.271149553571429e-004	0.000000e+000	3.166567e-001
3.294866071428572e-004	0.000000e+000	3.576576e-001
3.318582589285715e-004	0.000000e+000	3.958398e-001
3.342299107142858e-004	0.000000e+000	4.312033e-001
3.366015625000001e-004	0.000000e+000	4.637481e-001
3.405078125000001e-004	0.000000e+000	5.093293e-001
3.444140625000001e-004	0.000000e+000	5.455581e-001
3.483203125000001e-004	0.000000e+000	5.722513e-001
3.522265625000001e-004	0.000000e+000	5.893751e-001
3.541796875000001e-004	0.000000e+000	5.943776e-001
3.561328125000001e-004	0.000000e+000	5.970402e-001
3.580859375000001e-004	0.000000e+000	5.973979e-001
3.600390625000001e-004	0.000000e+000	5.954940e-001
3.619921875000001e-004	0.000000e+000	5.913793e-001
3.639453125000001e-004	0.000000e+000	5.851122e-001
3.658984375000001e-004	0.000000e+000	5.767578e-001
3.678515625000001e-004	0.000000e+000	5.663880e-001
3.698046875000001e-004	0.000000e+000	5.540808e-001
3.717578125000001e-004	0.000000e+000	5.399203e-001
3.737109375000001e-004	0.000000e+000	5.239957e-001
3.756640625000001e-004	0.000000e+000	5.064011e-001
3.776171875000001e-004	0.000000e+000	4.872352e-001
3.795703125000001e-004	0.000000e+000	4.666008e-001
3.815234375000001e-004	0.000000e+000	4.446040e-001
3.834765625000001e-004	0.000000e+000	4.213542e-001
3.854296875000001e-004	0.000000e+000	3.969634e-001
3.873828125000001e-004	0.000000e+000	3.715458e-001
3.893359375000001e-004	0.000000e+000	3.452170e-001
3.932421875000002e-004	0.000000e+000	2.902946e-001
3.971484375000002e-004	0.000000e+000	2.331784e-001
4.000000000000001e-004	0.000000e+000	1.905705e-001
4.014285714285715e-004	1.428571e-001	3.103162e-001
4.028571428571430e-004	2.857143e-001	4.283490e-001
4.042857142857144e-004	4.285714e-001	5.446686e-001
4.057142857142858e-004	5.714286e-001	6.592753e-001
4.071428571428572e-004	7.142857e-001	7.721689e-001
4.085714285714287e-004	8.571429e-001	8.833494e-001
4.100000000000001e-004	1.000000e+000	9.928169e-001
4.129296875000001e-004	1.000000e+000	9.226506e-001
4.158593750000001e-004	1.000000e+000	8.561909e-001
4.187890625000001e-004	1.000000e+000	7.934379e-001
4.217187500000001e-004	1.000000e+000	7.343916e-001
4.246484375000001e-004	1.000000e+000	6.790520e-001
4.275781250000001e-004	1.000000e+000	6.274190e-001
4.305078125000001e-004	1.000000e+000	5.794927e-001
4.324609375000001e-004	1.000000e+000	5.509168e-001
4.344140625000001e-004	1.000000e+000	5.245880e-001
4.363671875000001e-004	1.000000e+000	5.005624e-001
4.383203125000001e-004	1.000000e+000	4.788860e-001
4.402734375000001e-004	1.000000e+000	4.595954e-001
4.422265625000001e-004	1.000000e+000	4.427170e-001
4.441796875000001e-004	1.000000e+000	4.282682e-001
4.461328125000001e-004	1.000000e+000	4.162565e-001
4.480859375000001e-004	1.000000e+000	4.066800e-001
4.500390625000001e-004	1.000000e+000	3.995280e-001
4.519921875000001e-004	1.000000e+000	3.947804e-001
4.539453125000001e-004	1.000000e+000	3.924089e-001
4.558984375000001e-004	1.000000e+000	3.923764e-001
4.578515625000001e-004	1.000000e+000	3.946378e-001
4.598046875000001e-004	1.000000e+000	3.991403e-001
4.617578125000002e-004	1.000000e+000	4.058236e-001
4.637109375000002e-004	1.000000e+000	4.146203e-001
4.656640625000002e-004	1.000000e+000	4.254563e-001
4.676171875000002e-004	1.000000e+000	4.382515e-001
4.695703125000002e-004	1.000000e+000	4.529195e-001
4.715234375000002e-004	1.000000e+000	4.693690e-001
4.734765625000002e-004	1.000000e+000	4.875033e-001
4.754296875000002e-004	1.000000e+000	5.072214e-001
4.773828125000002e-004	1.000000e+000	5.284184e-001
4.812890625000002e-004	1.000000e+000	5.748114e-001
4.851953125000002e-004	1.000000e+000	6.257797e-001
4.891015625000002e-004	1.000000e+000	6.803869e-001
4.930078125000002e-004	1.000000e+000	7.376780e-001
4.969140625000002e-004	1.000000e+000	7.966945e-001
5.008203125000002e-004	1.000000e+000	8.564890e-001
5.047265625000002e-004	1.000000e+000	9.161384e-001
5.080468750000001e-004	1.000000e+000	9.660969e-001
5.100000000000000e-004	1.000000e+000	9.950117e-001
5.114285714285714e-004	8.571429e-001	8.744237e-001
5.128571428571429e-004	7.142857e-001	7.552294e-001
5.142857142857143e-004	5.714286e-001	6.374290e-001
5.157142857142858e-004	4.285714e-001	5.210223e-001
5.171428571428572e-004	2.857143e-001	4.060094e-001
5.185714285714287e-004	1.428571e-001	2.923903e-001
5.200000000000001e-004	1.554312e-015	1.801650e-001
5.223716517857144e-004	8.189514e-016	2.313369e-001
5.247433035714287e-004	2.546960e-016	2.796060e-001
5.271149553571430e-004	-1.384541e-016	3.249722e-001
5.294866071428572e-004	-3.604987e-016	3.674355e-001
5.318582589285715e-004	-4.114379e-016	4.069959e-001
5.342299107142858e-004	-2.912716e-016	4.436535e-001
5.366015625000001e-004	0.000000e+000	4.774081e-001
5.405078125000001e-004	0.000000e+000	5.247269e-001
5.444140625000001e-004	0.000000e+000	5.623968e-001
5.483203125000001e-004	0.000000e+000	5.902244e-001
5.522265625000001e-004	0.000000e+000	6.081709e-001
5.541796875000001e-004	0.000000e+000	6.134674e-001
5.561328125000001e-004	0.000000e+000	6.163462e-001
5.580859375000001e-004	0.000000e+000	6.168432e-001
5.600390625000001e-004	0.000000e+000	6.150024e-001
5.619921875000001e-004	0.000000e+000	6.108761e-001
5.639453125000001e-004	0.000000e+000	6.045239e-001
5.658984375000001e-004	0.000000e+000	5.960128e-001
5.678515625000001e-004	0.000000e+000	5.854167e-001
5.698046875000001e-004	0.000000e+000	5.728158e-001
5.717578125000001e-004	0.000000e+000	5.582966e-001
5.737109375000001e-004	0.000000e+000	5.419507e-001
5.756640625000001e-004	0.000000e+000	5.238752e-001
5.776171875000001e-004	0.000000e+000	5.041718e-001
5.795703125000001e-004	0.000000e+000	4.829463e-001
5.815234375000001e-004	0.000000e+000	4.603083e-001
5.834765625000001e-004	0.000000e+000	4.363703e-001
5.854296875000001e-004	0.000000e+000	4.112480e-001
5.873828125000001e-004	0.000000e+000	3.850590e-001
5.893359375000001e-004	0.000000e+000	3.579227e-001
5.932421875000001e-004	0.000000e+000	3.012923e-001
5.971484375000001e-004	0.000000e+000	2.423712e-001
6.000000000000001e-004	0.000000e+000	1.983996e-001
6.014285714285714e-004	1.428571e-001	3.174477e-001
6.028571428571429e-004	2.857143e-001	4.347818e-001
6.042857142857143e-004	4.285714e-001	5.504020e-001
6.057142857142858e-004	5.714286e-001	6.643082e-001
6.071428571428572e-004	7.142857e-001	7.765004e-001
6.085714285714287e-004	8.571429e-001	8.869787e-001
6.100000000000001e-004	1.000000e+000	9.957430e-001
6.129296875000001e-004	1.000000e+000	9.241333e-001
6.158593750000001e-004	1.000000e+000	8.562835e-001
6.187890625000001e-004	1.000000e+000	7.921938e-001
6.217187500000001e-004	1.000000e+000	7.318640e-001
6.246484375000001e-004	1.000000e+000	6.752942e-001
6.275781250000001e-004	1.000000e+000	6.224843e-001
6.305078125000001e-004	1.000000e+000	5.734344e-001
6.324609375000001e-004	1.000000e+000	5.441707e-001
6.344140625000001e-004	1.000000e+000	5.171930e-001
6.363671875000001e-004	1.000000e+000	4.925587e-001
6.383203125000001e-004	1.000000e+000	4.703158e-001
6.402734375000001e-004	1.000000e+000	4.505018e-001
6.422265625000001e-004	1.000000e+000	4.331446e-001
6.441796875000001e-004	1.000000e+000	4.182623e-001
6.461328125000001e-004	1.000000e+000	4.058632e-001
6.480859375000001e-004	1.000000e+000	3.959461e-001
6.500390625000001e-004	1.000000e+000	3.885005e-001
6.519921875000001e-004	1.000000e+000	3.835067e-001
6.539453125000001e-004	1.000000e+000	3.809362e-001
6.558984375000001e-004	1.000000e+000	3.807519e-001
6.578515625000001e-004	1.000000e+000	3.829083e-001
6.598046875000001e-004	1.000000e+000	3.873521e-001
6.617578125000001e-004	1.000000e+000	3.940223e-001
6.637109375000001e-004	1.000000e+000	4.028508e-001
6.656640625000001e-004	1.000000e+000	4.137624e-001
6.676171875000001e-004	1.000000e+000	4.266758e-001
6.695703125000001e-004	1.000000e+000	4.415034e-001
6.715234375000001e-004	1.000000e+000	4.581525e-001
6.734765625000001e-004	1.000000e+000	4.765249e-001
6.754296875000001e-004	1.000000e+000	4.965179e-001
6.773828125000001e-004	1.000000e+000	5.180249e-001
6.812890625000002e-004	1.000000e+000	5.651358e-001
6.851953125000002e-004	1.000000e+000	6.169389e-001
6.891015625000002e-004	1.000000e+000	6.724811e-001
6.930078125000002e-004	1.000000e+000	7.307894e-001
6.969140625000002e-004	1.000000e+000	7.908872e-001
7.008203125000002e-004	1.000000e+000	8.518082e-001
7.047265625000002e-004	1.000000e+000	9.126110e-001
7.080468750000001e-004	1.000000e+000	9.635574e-001
7.100000000000000e-004	1.000000e+000	9.930525e-001
7.114285714285714e-004	8.571429e-001	8.728877e-001
7.128571428571429e-004	7.142857e-001	7.541120e-001
7.142857142857143e-004	5.714286e-001	6.367256e-001
7.157142857142858e-004	4.285714e-001	5.207285e-001
7.171428571428572e-004	2.857143e-001	4.061206e-001
7.185714285714287e-004	1.428571e-001	2.929019e-001
7.200000000000001e-004	1.554312e-015	1.810725e-001
7.223716517857144e-004	8.189514e-016	2.328844e-001
7.247433035714287e-004	2.546960e-016	2.817640e-001
7.271149553571430e-004	-1.384541e-016	3.277111e-001
7.294866071428572e-004	-3.604987e-016	3.707258e-001
7.318582589285715e-004	-4.114379e-016	4.108080e-001
7.342299107142858e-004	-2.912716e-016	4.479578e-001
7.366015625000001e-004	0.000000e+000	4.821753e-001
7.405078125000001e-004	0.000000e+000	5.301640e-001
7.444140625000001e-004	0.000000e+000	5.683970e-001
7.483203125000001e-004	0.000000e+000	5.966767e-001
7.522265625000001e-004	0.000000e+000	6.149614e-001
7.541796875000001e-004	0.000000e+000	6.203842e-001
7.561328125000001e-004	0.000000e+000	6.233608e-001
7.580859375000001e-004	0.000000e+000	6.239271e-001
7.600390625000001e-004	0.000000e+000	6.221275e-001
7.619921875000001e-004	0.000000e+000	6.180148e-001
7.639453125000001e-004	0.000000e+000	6.116489e-001
7.658984375000001e-004	0.000000e+000	6.030976e-001
7.678515625000001e-004	0.000000e+000	5.924352e-001
7.698046875000001e-004	0.000000e+000	5.797429e-001
7.717578125000001e-004	0.000000e+000	5.651078e-001
7.737109375000001e-004	0.000000e+000	5.486227e-001
7.756640625000001e-004	0.000000e+000	5.303854e-001
7.776171875000000e-004	0.000000e+000	5.104989e-001
7.795703125000000e-004	0.000000e+000	4.890698e-001
7.815234375000000e-004	0.000000e+000	4.662089e-001
7.834765625000000e-004	0.000000e+000	4.420303e-001
7.854296875000000e-004	0.000000e+000	4.166506e-001
7.873828125000000e-004	0.000000e+000	3.901887e-001
7.893359375000000e-004	0.000000e+000	3.627656e-001
7.932421875000000e-004	0.000000e+000	3.055244e-001
7.971484375000000e-004	0.000000e+000	2.459537e-001
8.000000000000000e-004	0.000000e+000	2.014889e-001
8.014285714285714e-004	1.428571e-001	3.202835e-001
8.028571428571429e-004	2.857143e-001	4.373635e-001
8.042857142857143e-004	4.285714e-001	5.527287e-001
8.057142857142858e-004	5.714286e-001	6.663792e-001
8.071428571428572e-004	7.142857e-001	7.783149e-001
8.085714285714287e-004	8.571429e-001	8.885359e-001
8.100000000000001e-004	1.000000e+000	9.970421e-001
8.129296875000001e-004	1.000000e+000	9.249008e-001
8.158593750000001e-004	1.000000e+000	8.565374e-001
8.187890625000001e-004	1.000000e+000	7.919520e-001
8.217187500000000e-004	1.000000e+000	7.311445e-001
8.246484375000000e-004	1.000000e+000	6.741150e-001
8.275781250000000e-004	1.000000e+000	6.208634e-001
8.305078125000000e-004	1.000000e+000	5.713898e-001
8.324609375000000e-004	1.000000e+000	5.418656e-001
8.344140625000000e-004	1.000000e+000	5.146410e-001
8.363671875000000e-004	1.000000e+000	4.897744e-001
8.383203125000000e-004	1.000000e+000	4.673141e-001
8.402734375000000e-004	1.000000e+000	4.472982e-001
8.422265625000000e-004	1.000000e+000	4.297552e-001
8.441796875000000e-004	1.000000e+000	4.147034e-001
8.461328125000000e-004	1.000000e+000	4.021515e-001
8.480859375000000e-004	1.000000e+000	3.920986e-001
8.500390625000000e-004	1.000000e+000	3.845343e-001
8.519921875000000e-004	1.000000e+000	3.794391e-001
8.539453125000000e-004	1.000000e+000	3.767846e-001
8.558984375000000e-004	1.000000e+000	3.765335e-001
8.578515625000000e-004	1.000000e+000	3.786403e-001
8.598046875000000e-004	1.000000e+000	3.830516e-001
8.617578125000000e-004	1.000000e+000	3.897062e-001
8.637109375000000e-004	1.000000e+000	3.985355e-001
8.656640625000000e-004	1.000000e+000	4.094644e-001
8.676171875000000e-004	1.000000e+000	4.224108e-001
8.695703125000000e-004	1.000000e+000	4.372870e-001
8.715234375000000e-004	1.000000e+000	4.539996e-001
8.734765625000000e-004	1.000000e+000	4.724500e-001
8.754296875000000e-004	1.000000e+000	4.925349e-001
8.773828125000000e-004	1.000000e+000	5.141470e-001
8.812890625000000e-004	1.000000e+000	5.615051e-001
8.851953125000000e-004	1.000000e+000	6.136004e-001
8.891015625000000e-004	1.000000e+000	6.694733e-001
8.930078125000000e-004	1.000000e+000	7.281448e-001
8.969140625000000e-004	1.000000e+000	7.886312e-001
9.008203125000000e-004	1.000000e+000	8.499597e-001
9.047265625000000e-004	1.000000e+000	9.111819e-001
9.080468750000001e-004	1.000000e+000	9.624894e-001
9.100000000000001e-004	1.000000e+000	9.921973e-001
9.114285714285715e-004	8.571429e-001	8.721880e-001
9.128571428571430e-004	7.142857e-001	7.535665e-001
9.142857142857144e-004	5.714286e-001	6.363328e-001
9.157142857142859e-004	4.285714e-001	5.204869e-001
9.171428571428573e-004	2.857143e-001	4.060288e-001
9.185714285714288e-004	1.428571e-001	2.929586e-001
9.200000000000001e-004	0.000000e+000	1.812761e-001
9.223716517857144e-004	0.000000e+000	2.333265e-001
9.247433035714286e-004	0.000000e+000	2.824341e-001
9.271149553571429e-004	0.000000e+000	3.285990e-001
9.294866071428572e-004	0.000000e+000	3.718212e-001
9.318582589285715e-004	0.000000e+000	4.121006e-001
9.342299107142857e-004	0.000000e+000	4.494372e-001
9.366015625000000e-004	0.000000e+000	4.838310e-001
9.405078125000001e-004	0.000000e+000	5.320773e-001
9.444140625000001e-004	0.000000e+000	5.705293e-001
9.483203125000001e-004	0.000000e+000	5.989877e-001
9.522265625000001e-004	0.000000e+000	6.174099e-001
9.541796875000001e-004	0.000000e+000	6.228857e-001
9.561328125000001e-004	0.000000e+000	6.259048e-001
9.580859375000001e-004	0.000000e+000	6.265032e-001
9.600390625000001e-004	0.000000e+000	6.247255e-001
9.619921875000001e-004	0.000000e+000	6.206243e-001
9.639453125000001e-004	0.000000e+000	6.142600e-001
9.658984375000001e-004	0.000000e+000	6.057002e-001
9.678515625000001e-004	0.000000e+000	5.950198e-001
9.698046875000001e-004	0.000000e+000	5.823001e-001
9.717578125000001e-004	0.000000e+000	5.676284e-001
9.737109375000001e-004	0.000000e+000	5.510979e-001
9.756640625000001e-004	0.000000e+000	5.328068e-001
9.776171875000000e-004	0.000000e+000	5.128582e-001
9.795703125000000e-004	0.000000e+000	4.913595e-001
9.815234375000000e-004	0.000000e+000	4.684217e-001
9.834765625000000e-004	0.000000e+000	4.441593e-001
9.854296875000000e-004	0.000000e+000	4.186893e-001
9.873828125000000e-004	0.000000e+000	3.921313e-001
9.893359375000000e-004	0.000000e+000	3.646064e-001
9.932421875000000e-004	0.000000e+000	3.071476e-001
9.971484375000000e-004	0.000000e+000	2.473436e-001
1.000000000000000e-003	0.000000e+000	2.027005e-001
1.001428571428572e-003	1.428571e-001	3.214033e-001
1.002857142857143e-003	2.857143e-001	4.383910e-001
1.004285714285714e-003	4.285714e-001	5.536634e-001
1.005714285714286e-003	5.714286e-001	6.672207e-001
1.007142857142857e-003	7.142857e-001	7.790628e-001
1.008571428571429e-003	8.571429e-001	8.891897e-001
1.010000000000000e-003	1.000000e+000	9.976014e-001
1.012929687500000e-003	1.000000e+000	9.252646e-001
1.015859375000000e-003	1.000000e+000	8.567117e-001
1.018789062500000e-003	1.000000e+000	7.919428e-001
1.021718750000000e-003	1.000000e+000	7.309578e-001
1.024648437500000e-003	1.000000e+000	6.737568e-001
1.027578125000000e-003	1.000000e+000	6.203397e-001
1.030507812500000e-003	1.000000e+000	5.707066e-001
1.032460937500000e-003	1.000000e+000	5.410840e-001
1.034414062500000e-003	1.000000e+000	5.137659e-001
1.036367187500000e-003	1.000000e+000	4.888107e-001
1.038320312500000e-003	1.000000e+000	4.662673e-001
1.040273437500000e-003	1.000000e+000	4.461738e-001
1.042226562500000e-003	1.000000e+000	4.285589e-001
1.044179687500000e-003	1.000000e+000	4.134412e-001
1.046132812500000e-003	1.000000e+000	4.008294e-001
1.048085937500000e-003	1.000000e+000	3.907228e-001
1.050039062500000e-003	1.000000e+000	3.831110e-001
1.051992187500000e-003	1.000000e+000	3.779746e-001
1.053945312500000e-003	1.000000e+000	3.752851e-001
1.055898437500000e-003	1.000000e+000	3.750055e-001
1.057851562500000e-003	1.000000e+000	3.770900e-001
1.059804687500000e-003	1.000000e+000	3.814854e-001
1.061757812500000e-003	1.000000e+000	3.881302e-001
1.063710937500000e-003	1.000000e+000	3.969559e-001
1.065664062500000e-003	1.000000e+000	4.078872e-001
1.067617187500000e-003	1.000000e+000	4.208419e-001
1.069570312500000e-003	1.000000e+000	4.357322e-001
1.071523437500000e-003	1.000000e+000	4.524645e-001
1.073476562500000e-003	1.000000e+000	4.709400e-001
1.075429687500000e-003	1.000000e+000	4.910552e-001
1.077382812500000e-003	1.000000e+000	5.127026e-001
1.081289062500000e-003	1.000000e+000	5.601454e-001
1.085195312500000e-003	1.000000e+000	6.123424e-001
1.089101562500000e-003	1.000000e+000	6.683320e-001
1.093007812500000e-003	1.000000e+000	7.271327e-001
1.096914062500000e-003	1.000000e+000	7.877585e-001
1.100820312500000e-003	1.000000e+000	8.492340e-001
1.104726562500000e-003	1.000000e+000	9.106086e-001
1.108046875000000e-003	1.000000e+000	9.620478e-001
1.110000000000000e-003	1.000000e+000	9.918335e-001
1.111428571428572e-003	8.571429e-001	8.718814e-001
1.112857142857143e-003	7.142857e-001	7.533166e-001
1.114285714285714e-003	5.714286e-001	6.361391e-001
1.115714285714286e-003	4.285714e-001	5.203490e-001
1.117142857142857e-003	2.857143e-001	4.059463e-001
1.118571428571429e-003	1.428571e-001	2.929309e-001
1.120000000000000e-003	0.000000e+000	1.813029e-001
1.122371651785714e-003	0.000000e+000	2.334420e-001
1.124743303571429e-003	0.000000e+000	2.826347e-001
1.127114955357143e-003	0.000000e+000	3.288811e-001
1.129486607142857e-003	0.000000e+000	3.721812e-001
1.131858258928571e-003	0.000000e+000	4.125348e-001
1.134229910714286e-003	0.000000e+000	4.499421e-001
1.136601562500000e-003	0.000000e+000	4.844031e-001
1.140507812500000e-003	0.000000e+000	5.327479e-001
1.144414062500000e-003	0.000000e+000	5.712848e-001
1.148320312500000e-003	0.000000e+000	5.998135e-001
1.152226562500000e-003	0.000000e+000	6.182909e-001
1.154179687500000e-003	0.000000e+000	6.237886e-001
1.156132812500000e-003	0.000000e+000	6.268257e-001
1.158085937500000e-003	0.000000e+000	6.274384e-001
1.160039062500000e-003	0.000000e+000	6.256711e-001
1.161992187500000e-003	0.000000e+000	6.215766e-001
1.163945312500000e-003	0.000000e+000	6.152152e-001
1.165898437500000e-003	0.000000e+000	6.066548e-001
1.167851562500000e-003	0.000000e+000	5.959700e-001
1.169804687500000e-003	0.000000e+000	5.832425e-001
1.171757812500000e-003	0.000000e+000	5.685596e-001
1.173710937500000e-003	0.000000e+000	5.520146e-001
1.175664062500000e-003	0.000000e+000	5.337058e-001
1.177617187500000e-003	0.000000e+000	5.137365e-001
1.179570312500000e-003	0.000000e+000	4.922141e-001
1.181523437500000e-003	0.000000e+000	4.692499e-001
1.183476562500000e-003	0.000000e+000	4.449584e-001
1.185429687500000e-003	0.000000e+000	4.194570e-001
1.187382812500000e-003	0.000000e+000	3.928652e-001
1.189335937500000e-003	0.000000e+000	3.653044e-001
1.193242187500000e-003	0.000000e+000	3.077681e-001
1.197148437500000e-003	0.000000e+000	2.478805e-001
1.200000000000000e-003	2.168404e-014	2.031733e-001
1.201428571428572e-003	1.428571e-001	3.218429e-001
1.202857142857143e-003	2.857143e-001	4.387971e-001
1.204285714285714e-003	4.285714e-001	5.540358e-001
1.205714285714286e-003	5.714286e-001	6.675592e-001
1.207142857142857e-003	7.142857e-001	7.793671e-001
1.208571428571428e-003	8.571429e-001	8.894596e-001
1.210000000000000e-003	1.000000e+000	9.978368e-001
1.212929687500000e-003	1.000000e+000	9.254282e-001
1.215859375000000e-003	1.000000e+000	8.568056e-001
1.218789062500000e-003	1.000000e+000	7.919689e-001
1.221718750000000e-003	1.000000e+000	7.309181e-001
1.224648437500000e-003	1.000000e+000	6.736532e-001
1.227578125000000e-003	1.000000e+000	6.201742e-001
1.230507812500000e-003	1.000000e+000	5.704812e-001
1.232460937500000e-003	1.000000e+000	5.408214e-001
1.234414062500000e-003	1.000000e+000	5.134678e-001
1.236367187500000e-003	1.000000e+000	4.884791e-001
1.238320312500000e-003	1.000000e+000	4.659039e-001
1.240273437500000e-003	1.000000e+000	4.457808e-001
1.242226562500000e-003	1.000000e+000	4.281383e-001
1.244179687500000e-003	1.000000e+000	4.129950e-001
1.246132812500000e-003	1.000000e+000	4.003599e-001
1.248085937500000e-003	1.000000e+000	3.902321e-001
1.250039062500000e-003	1.000000e+000	3.826014e-001
1.251992187500000e-003	1.000000e+000	3.774484e-001
1.253945312500000e-003	1.000000e+000	3.747447e-001
1.255898437500000e-003	1.000000e+000	3.744530e-001
1.257851562500000e-003	1.000000e+000	3.765279e-001
1.259804687500000e-003	1.000000e+000	3.809159e-001
1.261757812500000e-003	1.000000e+000	3.875557e-001
1.263710937500000e-003	1.000000e+000	3.963787e-001
1.265664062500000e-003	1.000000e+000	4.073094e-001
1.267617187500000e-003	1.000000e+000	4.202657e-001
1.269570312500000e-003	1.000000e+000	4.351599e-001
1.271523437500000e-003	1.000000e+000	4.518980e-001
1.273476562500000e-003	1.000000e+000	4.703813e-001
1.275429687500000e-003	1.000000e+000	4.905064e-001
1.277382812500000e-003	1.000000e+000	5.121655e-001
1.281289062500000e-003	1.000000e+000	5.596371e-001
1.285195312500000e-003	1.000000e+000	6.118694e-001
1.289101562500000e-003	1.000000e+000	6.679000e-001
1.293007812500000e-003	1.000000e+000	7.267464e-001
1.296914062500000e-003	1.000000e+000	7.874222e-001
1.300820312500000e-003	1.000000e+000	8.489507e-001
1.304726562500000e-003	1.000000e+000	9.103805e-001
1.308046875000000e-003	1.000000e+000	9.618676e-001
1.310000000000000e-003	1.000000e+000	9.916818e-001
1.311428571428572e-003	8.571429e-001	8.717506e-001
1.312857142857143e-003	7.142857e-001	7.532067e-001
1.314285714285714e-003	5.714286e-001	6.360499e-001
1.315714285714286e-003	4.285714e-001	5.202804e-001
1.317142857142857e-003	2.857143e-001	4.058980e-001
1.318571428571429e-003	1.428571e-001	2.929029e-001
1.320000000000000e-003	0.000000e+000	1.812950e-001
1.322371651785714e-003	0.000000e+000	2.334670e-001
1.324743303571429e-003	0.000000e+000	2.826915e-001
1.327114955357143e-003	0.000000e+000	3.289683e-001
1.329486607142857e-003	0.000000e+000	3.722975e-001
1.331858258928571e-003	0.000000e+000	4.126791e-001
1.334229910714286e-003	0.000000e+000	4.501132e-001
1.336601562500000e-003	0.000000e+000	4.845996e-001
1.340507812500000e-003	0.000000e+000	5.329820e-001
1.344414062500000e-003	0.000000e+000	5.715516e-001
1.348320312500000e-003	0.000000e+000	6.001077e-001
1.352226562500000e-003	0.000000e+000	6.186072e-001
1.354179687500000e-003	0.000000e+000	6.241139e-001
1.356132812500000e-003	0.000000e+000	6.271585e-001
1.358085937500000e-003	0.000000e+000	6.277773e-001
1.360039062500000e-003	0.000000e+000	6.260148e-001
1.361992187500000e-003	0.000000e+000	6.219236e-001
1.363945312500000e-003	0.000000e+000	6.155641e-001
1.365898437500000e-003	0.000000e+000	6.070043e-001
1.367851562500000e-003	0.000000e+000	5.963189e-001
1.369804687500000e-003	0.000000e+000	5.835893e-001
1.371757812500000e-003	0.000000e+000	5.689031e-001
1.373710937500000e-003	0.000000e+000	5.523536e-001
1.375664062500000e-003	0.000000e+000	5.340391e-001
1.377617187500000e-003	0.000000e+000	5.140629e-001
1.379570312500000e-003	0.000000e+000	4.925326e-001
1.381523437500000e-003	0.000000e+000	4.695594e-001
1.383476562500000e-003	0.000000e+000	4.452578e-001
1.385429687500000e-003	0.000000e+000	4.197454e-001
1.387382812500000e-003	0.000000e+000	3.931418e-001
1.389335937500000e-003	0.000000e+000	3.655685e-001
1.393242187500000e-003	0.000000e+000	3.080047e-001
1.397148437500000e-003	0.000000e+000	2.480872e-001
1.400000000000000e-003	0.000000e+000	2.033569e-001
1.401428571428572e-003	1.428571e-001	3.220145e-001
1.402857142857143e-003	2.857143e-001	4.389566e-001
1.404285714285714e-003	4.285714e-001	5.541831e-001
1.405714285714286e-003	5.714286e-001	6.676941e-001
1.407142857142857e-003	7.142857e-001	7.794896e-001
1.408571428571429e-003	8.571429e-001	8.895696e-001
1.410000000000000e-003	1.000000e+000	9.979341e-001
1.412929687500000e-003	1.000000e+000	9.254992e-001
1.415859375000000e-003	1.000000e+000	8.568509e-001
1.418789062500000e-003	1.000000e+000	7.919892e-001
1.421718750000000e-003	1.000000e+000	7.309140e-001
1.424648437500000e-003	1.000000e+000	6.736254e-001
1.427578125000000e-003	1.000000e+000	6.201234e-001
1.430507812500000e-003	1.000000e+000	5.704079e-001
1.432460937500000e-003	1.000000e+000	5.407342e-001
1.434414062500000e-003	1.000000e+000	5.133672e-001
1.436367187500000e-003	1.000000e+000	4.883658e-001
1.438320312500000e-003	1.000000e+000	4.657785e-001
1.440273437500000e-003	1.000000e+000	4.456441e-001
1.442226562500000e-003	1.000000e+000	4.279909e-001
1.444179687500000e-003	1.000000e+000	4.128378e-001
1.446132812500000e-003	1.000000e+000	4.001936e-001
1.448085937500000e-003	1.000000e+000	3.900575e-001
1.450039062500000e-003	1.000000e+000	3.824194e-001
1.451992187500000e-003	1.000000e+000	3.772598e-001
1.453945312500000e-003	1.000000e+000	3.745503e-001
1.455898437500000e-003	1.000000e+000	3.742537e-001
1.457851562500000e-003	1.000000e+000	3.763245e-001
1.459804687500000e-003	1.000000e+000	3.807093e-001
1.461757812500000e-003	1.000000e+000	3.873466e-001
1.463710937500000e-003	1.000000e+000	3.961681e-001
1.465664062500000e-003	1.000000e+000	4.070980e-001
1.467617187500000e-003	1.000000e+000	4.200545e-001
1.469570312500000e-003	1.000000e+000	4.349495e-001
1.471523437500000e-003	1.000000e+000	4.516892e-001
1.473476562500000e-003	1.000000e+000	4.701750e-001
1.475429687500000e-003	1.000000e+000	4.903032e-001
1.477382812500000e-003	1.000000e+000	5.119661e-001
1.481289062500000e-003	1.000000e+000	5.594475e-001
1.485195312500000e-003	1.000000e+000	6.116919e-001
1.489101562500000e-003	1.000000e+000	6.677368e-001
1.493007812500000e-003	1.000000e+000	7.265995e-001
1.496914062500000e-003	1.000000e+000	7.872930e-001
1.500820312500000e-003	1.000000e+000	8.488407e-001
1.504726562500000e-003	1.000000e+000	9.102904e-001
1.508046875000000e-003	1.000000e+000	9.617949e-001
1.510000000000000e-003	1.000000e+000	9.916195e-001
1.511428571428572e-003	8.571429e-001	8.716960e-001
1.512857142857143e-003	7.142857e-001	7.531596e-001
1.514285714285714e-003	5.714286e-001	6.360105e-001
1.515714285714286e-003	4.285714e-001	5.202485e-001
1.517142857142857e-003	2.857143e-001	4.058737e-001
1.518571428571429e-003	1.428571e-001	2.928860e-001
1.520000000000000e-003	0.000000e+000	1.812855e-001
1.522371651785714e-003	0.000000e+000	2.334698e-001
1.524743303571429e-003	0.000000e+000	2.827060e-001
1.527114955357143e-003	0.000000e+000	3.289942e-001
1.529486607142857e-003	0.000000e+000	3.723343e-001
1.531858258928571e-003	0.000000e+000	4.127264e-001
1.534229910714286e-003	0.000000e+000	4.501705e-001
1.536601562500000e-003	0.000000e+000	4.846666e-001
1.540507812500000e-003	0.000000e+000	5.330634e-001
1.544414062500000e-003	0.000000e+000	5.716455e-001
1.548320312500000e-003	0.000000e+000	6.002123e-001
1.552226562500000e-003	0.000000e+000	6.187205e-001
1.554179687500000e-003	0.000000e+000	6.242307e-001
1.556132812500000e-003	0.000000e+000	6.272785e-001
1.558085937500000e-003	0.000000e+000	6.278999e-001
1.560039062500000e-003	0.000000e+000	6.261394e-001
1.561992187500000e-003	0.000000e+000	6.220498e-001
1.563945312500000e-003	0.000000e+000	6.156914e-001
1.565898437500000e-003	0.000000e+000	6.071321e-001
1.567851562500000e-003	0.000000e+000	5.964468e-001
1.569804687500000e-003	0.000000e+000	5.837168e-001
1.571757812500000e-003	0.000000e+000	5.690296e-001
1.573710937500000e-003	0.000000e+000	5.524787e-001
1.575664062500000e-003	0.000000e+000	5.341624e-001
1.577617187500000e-003	0.000000e+000	5.141840e-001
1.579570312500000e-003	0.000000e+000	4.926510e-001
1.581523437500000e-003	0.000000e+000	4.696748e-001
1.583476562500000e-003	0.000000e+000	4.453698e-001
1.585429687500000e-003	0.000000e+000	4.198537e-001
1.587382812500000e-003	0.000000e+000	3.932459e-001
1.589335937500000e-003	0.000000e+000	3.656681e-001
1.593242187500000e-003	0.000000e+000	3.080946e-001
1.597148437500000e-003	0.000000e+000	2.481665e-001
1.600000000000000e-003	0.000000e+000	2.034279e-001
1.601428571428572e-003	1.428571e-001	3.220812e-001
1.602857142857143e-003	2.857143e-001	4.390189e-001
1.604285714285714e-003	4.285714e-001	5.542410e-001
1.605714285714286e-003	5.714286e-001	6.677476e-001
1.607142857142857e-003	7.142857e-001	7.795386e-001
1.608571428571429e-003	8.571429e-001	8.896140e-001
1.610000000000000e-003	1.000000e+000	9.979739e-001
1.612929687500000e-003	1.000000e+000	9.255294e-001
1.615859375000000e-003	1.000000e+000	8.568717e-001
1.618789062500000e-003	1.000000e+000	7.920007e-001
1.621718750000000e-003	1.000000e+000	7.309165e-001
1.624648437500000e-003	1.000000e+000	6.736191e-001
1.627578125000000e-003	1.000000e+000	6.201084e-001
1.630507812500000e-003	1.000000e+000	5.703845e-001
1.632460937500000e-003	1.000000e+000	5.407056e-001
1.634414062500000e-003	1.000000e+000	5.133336e-001
1.636367187500000e-003	1.000000e+000	4.883274e-001
1.638320312500000e-003	1.000000e+000	4.657355e-001
1.640273437500000e-003	1.000000e+000	4.455967e-001
1.642226562500000e-003	1.000000e+000	4.279395e-001
1.644179687500000e-003	1.000000e+000	4.127826e-001
1.646132812500000e-003	1.000000e+000	4.001349e-001
1.648085937500000e-003	1.000000e+000	3.899956e-001
1.650039062500000e-003	1.000000e+000	3.823546e-001
1.651992187500000e-003	1.000000e+000	3.771923e-001
1.653945312500000e-003	1.000000e+000	3.744805e-001
1.655898437500000e-003	1.000000e+000	3.741819e-001
1.657851562500000e-003	1.000000e+000	3.762510e-001
1.659804687500000e-003	1.000000e+000	3.806344e-001
1.661757812500000e-003	1.000000e+000	3.872707e-001
1.663710937500000e-003	1.000000e+000	3.960913e-001
1.665664062500000e-003	1.000000e+000	4.070208e-001
1.667617187500000e-003	1.000000e+000	4.199771e-001
1.669570312500000e-003	1.000000e+000	4.348722e-001
1.671523437500000e-003	1.000000e+000	4.516124e-001
1.673476562500000e-003	1.000000e+000	4.700989e-001
1.675429687500000e-003	1.000000e+000	4.902281e-001
1.677382812500000e-003	1.000000e+000	5.118923e-001
1.681289062500000e-003	1.000000e+000	5.593768e-001
1.685195312500000e-003	1.000000e+000	6.116254e-001
1.689101562500000e-003	1.000000e+000	6.676753e-001
1.693007812500000e-003	1.000000e+000	7.265437e-001
1.696914062500000e-003	1.000000e+000	7.872436e-001
1.700820312500000e-003	1.000000e+000	8.487981e-001
1.704726562500000e-003	1.000000e+000	9.102551e-001
1.708046875000000e-003	1.000000e+000	9.617659e-001
1.710000000000000e-003	1.000000e+000	9.915942e-001
1.711428571428572e-003	8.571429e-001	8.716735e-001
1.712857142857143e-003	7.142857e-001	7.531400e-001
1.714285714285714e-003	5.714286e-001	6.359936e-001
1.715714285714286e-003	4.285714e-001	5.202344e-001
1.717142857142857e-003	2.857143e-001	4.058623e-001
1.718571428571429e-003	1.428571e-001	2.928774e-001
1.720000000000000e-003	0.000000e+000	1.812797e-001
1.721255580357143e-003	0.000000e+000	2.089949e-001
1.722511160714286e-003	0.000000e+000	2.359843e-001
1.723766741071429e-003	0.000000e+000	2.622479e-001
1.725022321428572e-003	0.000000e+000	2.877858e-001
1.726277901785715e-003	0.000000e+000	3.125978e-001
1.727533482142857e-003	0.000000e+000	3.366841e-001
1.728789062500000e-003	0.000000e+000	3.600445e-001
1.730742187500000e-003	0.000000e+000	3.945162e-001
1.732695312500000e-003	0.000000e+000	4.268328e-001
1.734648437500000e-003	0.000000e+000	4.569139e-001
1.738554687500000e-003	0.000000e+000	5.100985e-001
1.742460937500000e-003	0.000000e+000	5.536281e-001
1.746367187500000e-003	0.000000e+000	5.872223e-001
1.750273437500000e-003	0.000000e+000	6.107593e-001
1.754179687500000e-003	0.000000e+000	6.242727e-001
1.756132812500000e-003	0.000000e+000	6.273217e-001
1.758085937499999e-003	0.000000e+000	6.279441e-001
1.760039062499999e-003	0.000000e+000	6.261846e-001
1.761992187499999e-003	0.000000e+000	6.220956e-001
1.763945312499999e-003	0.000000e+000	6.157377e-001
1.765898437499999e-003	0.000000e+000	6.071787e-001
1.767851562499998e-003	0.000000e+000	5.964935e-001
1.769804687499998e-003	0.000000e+000	5.837635e-001
1.771757812499998e-003	0.000000e+000	5.690762e-001
1.773710937499998e-003	0.000000e+000	5.525248e-001
1.775664062499998e-003	0.000000e+000	5.342080e-001
1.777617187499997e-003	0.000000e+000	5.142289e-001
1.779570312499997e-003	0.000000e+000	4.926950e-001
1.781523437499997e-003	0.000000e+000	4.697177e-001
1.783476562499997e-003	0.000000e+000	4.454116e-001
1.785429687499996e-003	0.000000e+000	4.198942e-001
1.787382812499996e-003	0.000000e+000	3.932850e-001
1.789335937499996e-003	0.000000e+000	3.657057e-001
1.793242187499996e-003	0.000000e+000	3.081287e-001
1.797148437499995e-003	0.000000e+000	2.481968e-001
1.799140624999927e-003	0.000000e+000	2.170007e-001
1.800000000000000e-003	0.000000e+000	2.034553e-001
